🧨 TnT CTF Analyzer 🧨
Gajah terbang detector - Binary Pattern Analysis
📁 Drop your chall.txt file here or click to select

🔍 File Information
Filename: chall.txt

Size: 112 bytes

Type: text/plain

📊 Binary Analysis
All bytes are 0 or 1: ✅ YES

Hex representation:

00 01 00 00 00 00 01 00 00 01 01 00 01 00 00 01 00 01 01 00 01 01 01 00 00 01 01 00 01 01 01 00 00 01 00 00 00 00 00 01 00 01 01 01 00 00 01 00 00 01 01 00 01 00 00 01 00 01 01 00 00 01 00 01 00 01 01 01 00 00 01 01 00 01 00 01 01 01 01 01 00 01 00 00 00 01 01 00 00 01 01 00 01 00 00 01 00 01 01 00 01 01 00 00 00 01 01 00 00 01 00 01
Binary representation:

00000000 00000001 00000000 00000000 00000000 00000000 00000001 00000000 00000000 00000001 00000001 00000000 00000001 00000000 00000000 00000001 00000000 00000001 00000001 00000000 00000001 00000001 00000001 00000000 00000000 00000001 00000001 00000000 00000001 00000001 00000001 00000000 00000000 00000001 00000000 00000000 00000000 00000000 00000000 00000001 00000000 00000001 00000001 00000001 00000000 00000000 00000001 00000000 00000000 00000001 00000001 00000000 00000001 00000000 00000000 00000001 00000000 00000001 00000001 00000000 00000000 00000001 00000000 00000001 00000000 00000001 00000001 00000001 00000000 00000000 00000001 00000001 00000000 00000001 00000000 00000001 00000001 00000001 00000001 00000001 00000000 00000001 00000000 00000000 00000000 00000001 00000001 00000000 00000000 00000001 00000001 00000000 00000001 00000000 00000000 00000001 00000000 00000001 00000001 00000000 00000001 00000001 00000000 00000000 00000000 00000001 00000001 00000000 00000000 00000001 00000000 00000001
🔓 Decoding Attempts
Method 1: Direct binary string
0100001001101001011011100110111001000001011100100110100101100101011100110101111101000110011010010110110001100101
5-bit chunks: [8][9][20][22][28][27][18][1][14][9][20][22][10][28][26][31][8][25][20][22][24][25]

6-bit chunks: [16]&%.[27]$[5]2[26][22][21]3[23]4[25])[27][6]

7-bit chunks: ![26]-fr[5]di2\kt3%Xe

8-bit chunks: BinnAries_File

🚩 POTENTIAL FLAG: STEMBACTF{BinnAries_File}
Method 2: 8-bit ASCII decoding
01000010 01101001 01101110 01101110 01000001 01110010 01101001 01100101 01110011 01011111 01000110 01101001 01101100 01100101
Result: BinnAries_File

Method 3: 7-bit ASCII decoding
0100001 0011010 0101101 1100110 1110010 0000101 1100100 1101001 0110010 1011100 1101011 1110100 0110011 0100101 1011000 1100101
Result: ![26]-fr[5]di2\kt3%Xe

Method 4: 6-bit decoding
010000 100110 100101 101110 011011 100100 000101 110010 011010 010110 010101 110011 010111 110100 011001 101001 011011 000110
Result: [16]&%.[27]$[5]2[26][22][21]3[23]4[25])[27][6]
